1 0 0.00622141
0.998027 0.0627905 0.00621022
0.992115 0.125333 0.00618425
0.982287 0.187381 0.00616414
0.968583 0.24869 0.0061526
0.951057 0.309017 0.00612617
0.929776 0.368125 0.00611431
0.904827 0.425779 0.00610936
0.876307 0.481754 0.00610724
0.844328 0.535827 0.00611403
0.809017 0.587785 0.00610218
0.770513 0.637424 0.00614383
0.728969 0.684547 0.00618048
0.684547 0.728969 0.00619256
0.637424 0.770513 0.00621409
0.587785 0.809017 0.00616574
0.535827 0.844328 0.00620592
0.481753 0.876307 0.00619095
0.425779 0.904827 0.00618645
0.368124 0.929777 0.00616526
0.309017 0.951057 0.0061501
0.24869 0.968583 0.00616351
0.187381 0.982287 0.00611098
0.125333 0.992115 0.00613012
0.0627901 0.998027 0.0060965
-4.01339e-007 1 0.00607717
-0.0627909 0.998027 0.00610391
-0.125334 0.992115 0.00610987
-0.187382 0.982287 0.00616418
-0.24869 0.968583 0.00616639
-0.309018 0.951056 0.00615945
-0.368125 0.929776 0.00619097
-0.42578 0.904827 0.00620686
-0.481754 0.876306 0.00618438
-0.535827 0.844328 0.00619658
-0.587786 0.809017 0.00618859
-0.637425 0.770513 0.00619948
-0.684548 0.728968 0.00620731
-0.728969 0.684547 0.00621806
-0.770514 0.637423 0.00621363
-0.809017 0.587785 0.00620904
-0.844328 0.535826 0.00621204
-0.876307 0.481753 0.00622784
-0.904827 0.425779 0.00621007
-0.929777 0.368124 0.00621444
-0.951057 0.309016 0.00622274
-0.968583 0.248689 0.00620493
-0.982287 0.18738 0.00621633
-0.992115 0.125332 0.00619792
-0.998027 0.0627895 0.00620993
-1 -1.0411e-006 0.00621703
-0.998027 -0.0627916 0.00622093
-0.992115 -0.125334 0.00621968
-0.982287 -0.187382 0.00626472
-0.968583 -0.248691 0.00626635
-0.951056 -0.309018 0.00628541
-0.929776 -0.368126 0.00628744
-0.904827 -0.42578 0.00628955
-0.876306 -0.481755 0.00630453
-0.844327 -0.535828 0.00630048
-0.809016 -0.587786 0.00628536
-0.770512 -0.637425 0.00629038
-0.728968 -0.684548 0.00629452
-0.684546 -0.72897 0.00626162
-0.637423 -0.770514 0.006231
-0.587784 -0.809018 0.00626599
-0.535826 -0.844329 0.00627278
-0.481753 -0.876307 0.00625213
-0.425778 -0.904828 0.00627843
-0.368123 -0.929777 0.00627761
-0.309016 -0.951057 0.00626055
-0.248689 -0.968583 0.0062549
-0.18738 -0.982288 0.00627051
-0.125332 -0.992115 0.00629908
-0.0627891 -0.998027 0.00627506
1.44244e-006 -1 0.00630264
0.062792 -0.998027 0.00631948
0.125335 -0.992115 0.00629232
0.187383 -0.982287 0.0063244
0.248691 -0.968583 0.00628869
0.309018 -0.951056 0.00632726
0.368126 -0.929776 0.00631286
0.425781 -0.904826 0.00627878
0.481755 -0.876306 0.00626705
0.535828 -0.844327 0.00622927
0.587787 -0.809016 0.00621056
0.637425 -0.770512 0.00620038
0.684548 -0.728967 0.00618158
0.72897 -0.684546 0.00616595
0.770514 -0.637423 0.00616588
0.809018 -0.587784 0.00616316
0.844329 -0.535825 0.00617278
0.876308 -0.481752 0.00618254
0.904828 -0.425778 0.00620871
0.929777 -0.368123 0.00621528
0.951057 -0.309015 0.00622065
0.968584 -0.248688 0.00624449
0.982288 -0.187379 0.00623114
0.992115 -0.125331 0.00622623
0.998027 -0.0627885 0.00625372
-0.975605 0.00596181 0.00623787
-0.90964 -0.258093 0.00639456
-0.622568 -0.671586 0.00648993
-0.916487 0.275444 0.00628729
-0.721164 -0.638273 0.00633605
-0.687519 -0.668271 0.00634177
-0.428725 -0.854765 0.00632966
-0.621299 0.164438 0.0123904
-0.566806 -0.775965 0.00631919
-0.725765 0.464905 0.00695963
-0.746086 0.584771 0.00633315
-0.804659 0.479377 0.00634895
-0.12139 -0.952697 0.00633624
-0.679309 0.665772 0.00631366
-0.450094 -0.484709 0.0115159
-0.519697 0.824742 0.00622965
-0.576589 0.746115 0.00634394
0.324251 0.468585 0.0159132
0.00113445 -0.818633 0.00755081
-0.168923 0.754415 0.00843511
-0.246932 0.901445 0.00636494
0.2249 -0.892002 0.00649013
-0.11855 0.912598 0.00640866
0.354989 -0.879267 0.00638399
0.299167 -0.913259 0.0063528
-0.184712 0.93524 0.00625634
-0.057863 0.898547 0.00656053
0.34395 -0.821745 0.00671635
0.290096 -0.855069 0.00661634
-0.735831 -0.386209 0.00742659
-0.406122 0.797053 0.00668019
0.591909 -0.742507 0.00629841
-0.408363 0.864051 0.00629027
0.035559 0.935309 0.0062956
0.771777 -0.0150314 0.00842529
-0.25192 0.0476713 0.0613174
0.604173 0.581104 0.00720914
0.797233 -0.384844 0.00672551
0.853351 -0.423472 0.00628582
0.284257 0.809572 0.00695065
-0.58963 0.47339 0.00879863
-0.0396534 0.972995 0.00614497
0.565374 -0.643838 0.00700075
-0.0581865 -0.923885 0.00645823
0.0914579 -0.451083 0.0245335
-0.53721 -0.666535 0.00701526
0.714423 -0.628136 0.00626662
-0.362798 0.682113 0.00845591
0.380936 0.877296 0.00625427
0.00896578 -0.912425 0.00653635
0.168495 0.907251 0.00637815
-0.18035 -0.914856 0.00641296
0.426766 0.846738 0.00628382
0.317287 0.877603 0.00631792
0.519846 0.740826 0.00653712
-0.681036 0.515588 0.00709628
0.88944 -0.31695 0.00634993
-0.790096 0.542874 0.00628617
0.488996 0.808836 0.0063111
-0.524471 -0.812889 0.00629839
0.749318 0.588077 0.00623558
-0.349706 0.89027 0.00629622
0.923571 -0.107852 0.00644261
-0.337532 -0.894924 0.00634223
-0.471696 -0.674947 0.00745995
0.953545 -0.0613867 0.0063269
0.884241 -0.0608483 0.00674826
0.948712 0.0370283 0.00633601
0.753463 0.337395 0.0073398
0.867295 0.00335078 0.00692546
-0.777722 0.314213 0.00724684
0.87281 0.172036 0.00663031
-0.828075 -0.490301 0.00635606
0.932212 0.251291 0.00618221
0.86549 0.371762 0.00623209
-0.859513 -0.0777547 0.00699139
0.305838 -0.649633 0.00968717
0.870674 0.250635 0.00647506
-0.801916 0.192771 0.0074572
-0.953475 -0.0786822 0.00630511
-0.0122743 -0.958218 0.00634808
-0.0263523 -0.868275 0.00689447
0.364 0.81973 0.00659742
-0.4649 0.74687 0.00679473
-0.929987 -0.184597 0.00635458
-0.335933 0.732131 0.00783526
0.664779 -0.671977 0.00629472
-0.943842 -0.0255194 0.0063426
0.764854 -0.532681 0.00634098
-0.884312 0.101463 0.00668569
-0.514996 -0.759725 0.00649511
-0.56457 -0.726933 0.00647657
-0.853926 -0.372522 0.00645797
0.428643 -0.50067 0.0116688
0.18434 -0.787108 0.00769987
-0.675153 -0.552332 0.00688637
-0.78912 -0.526896 0.00638138
0.4932 -0.684081 0.00716822
0.437682 -0.346951 0.0166499
-0.0226588 0.940992 0.00627944
-0.678223 -0.616667 0.00653291
-0.624111 -0.588206 0.00703295
-0.504168 0.641027 0.00764276
-0.493697 0.234864 0.0175451
-0.864064 0.36942 0.00633785
-0.833016 0.316273 0.00666233
0.241332 0.904509 0.00630618
-0.855019 0.451364 0.00626952
0.819725 -0.446572 0.00636098
0.146208 0.0540957 0.100015
0.664389 0.664939 0.00632879
0.710927 0.622697 0.00628437
-0.586645 0.0345725 0.0150214
-0.263177 0.483862 0.0172318
-0.0507708 0.569803 0.0158213
0.846371 -0.274586 0.00670821
-0.741486 0.524775 0.00655698
0.220794 -0.262195 0.0407844
-0.722951 0.636426 0.00628187
0.112448 -0.925794 0.00642849
-0.353985 0.837103 0.00657523
0.530147 -0.764285 0.00637344
-0.522552 0.778718 0.0063659
-0.304538 0.871493 0.00645538
-0.839074 -0.441192 0.00639831
-0.589395 -0.277358 0.011967
-0.467355 0.814574 0.00636231
-0.686444 0.607615 0.0065178
0.284674 -0.796645 0.00716139
0.393159 -0.8472 0.0064412
0.175804 -0.941963 0.00635482
0.271398 -0.736468 0.00811369
-0.331406 -0.83308 0.00662513
0.127693 0.753766 0.0084843
-0.0375386 0.796978 0.00788627
-0.179915 0.856116 0.00681961
0.102862 -0.863899 0.00688769
-0.0713883 0.95288 0.00621773
-0.491662 -0.074934 0.0211445
-0.620457 0.62983 0.00676338
0.0268968 0.707515 0.00997709
0.911272 -0.238553 0.00636186
0.109454 0.938927 0.00624651
-0.121611 -0.596277 0.0138221
0.662858 -0.609897 0.00656132
0.425007 0.279356 0.0201738
0.487219 0.597532 0.00841821
-0.707081 0.397083 0.00766695
0.636769 -0.720652 0.0062578
-0.276498 -0.348626 0.0261923
-0.560063 -0.44251 0.00984439
-0.456039 0.536671 0.0101711
0.271593 0.859295 0.00657827
0.380296 0.629869 0.00920741
0.38666 0.758568 0.00706334
-0.587488 0.570535 0.00757922
0.868782 -0.375639 0.0063211
-0.461432 -0.733823 0.00689926
0.702859 0.490848 0.00694018
0.802335 -0.234775 0.00733126
0.599704 0.709986 0.00638322
0.813805 0.49676 0.00619116
-0.381229 -0.872685 0.0063409
0.828734 -0.0837083 0.00735749
0.93703 0.157105 0.00626416
0.755014 0.531629 0.00634848
0.846324 0.436287 0.00619468
0.822075 -0.0330838 0.00749556
-0.928637 0.193766 0.00630834
0.792967 0.16733 0.00761759
-0.790811 -0.406574 0.00676724
0.900237 0.309947 0.00620962
0.849116 0.312511 0.00647203
0.0704919 -0.696379 0.0102374
-0.934311 0.0547197 0.00635844
-0.0035643 0.891454 0.00662849
-0.313071 -0.701196 0.00845759
-0.251444 -0.901894 0.00640366
0.609474 0.636895 0.00672882
0.875437 -0.187484 0.00667413
0.42386 0.796542 0.00656371
-0.347982 0.780636 0.00711163
-0.170808 -0.797753 0.00756117
-0.484264 -0.602396 0.00832963
0.925895 -0.00762957 0.00645057
0.542235 0.47558 0.0095676
0.844944 0.117379 0.00703999
-0.597827 0.272906 0.0118137
0.919068 0.0962212 0.00639972
-0.738295 -0.57948 0.00640463
0.919227 0.203412 0.00627904
-0.774974 -0.273807 0.00760352
-0.74213 0.065826 0.00904202
0.465595 -0.751123 0.00674751
0.561639 -0.585933 0.00764629
-0.741365 0.212294 0.00842459
-0.798376 0.258593 0.00722989
-0.913084 -0.0604886 0.0065134
-0.62574 0.703149 0.00634983
-0.920466 -0.112652 0.00642989
-0.322035 0.633543 0.0100141
0.753979 -0.592351 0.00623563
-0.458815 -0.802308 0.00643992
0.656508 -0.32198 0.0093909
0.231381 -0.690216 0.00942172
-0.0797509 -0.872071 0.00682763
0.557997 -0.70401 0.00660057
0.377395 -0.374538 0.0185078
-0.525246 0.728858 0.00664455
-0.631813 0.377941 0.00925851
0.188016 0.846156 0.00684812
0.153113 0.378 0.030569
-0.932123 0.137887 0.0063365
0.655182 0.602597 0.00663925
-0.828013 -0.180388 0.00723712
-0.451192 0.601226 0.00891329
-0.116765 0.32116 0.0410258
0.293602 -0.424497 0.0196346
0.0504706 -0.955696 0.0063463
-0.432373 -0.241645 0.0212866
0.47613 -0.810672 0.00637202
0.171181 -0.843289 0.00698834
-0.204145 -0.700984 0.00934867
0.242131 0.84552 0.00672827
-0.0952866 0.840632 0.00714655
-0.0960626 0.779281 0.00815887
0.122393 -0.800346 0.0076807
-0.378572 -0.342327 0.020038
-0.496602 0.694627 0.00710425
0.0370838 0.753446 0.00874265
-0.404737 -0.584025 0.00990619
0.622164 -0.6409 0.00663002
0.290146 0.355687 0.0246226
0.450929 0.42204 0.0133697
-0.769333 0.417324 0.00680697
-0.370078 -0.087845 0.0345036
-0.459493 -0.410971 0.0135102
-0.51691 0.570462 0.00849235
0.287912 0.735777 0.00797607
-0.504718 0.506459 0.00986327
-0.395073 -0.817869 0.00654946
0.538664 0.559158 0.00827203
0.618494 -0.21658 0.0119404
0.718545 -0.111654 0.00952179
0.773576 -0.0664058 0.00832939
0.640639 0.26388 0.0104242
0.801339 0.285101 0.00700889
0.0412678 -0.607053 0.0138846
-0.406163 -0.695292 0.00773552
0.44781 0.750136 0.00681427
-0.391612 0.736 0.00737143
-0.086995 -0.704134 0.0099257
-0.427551 -0.639486 0.00843946
0.540606 0.351125 0.0121707
0.904217 0.0380116 0.00658206
-0.682438 0.335056 0.00868438
-0.77877 -0.177851 0.00797112
-0.806505 0.144194 0.00754755
0.71771 -0.492647 0.00685437
-0.756568 0.156593 0.00840439
-0.863333 0.270077 0.00655433
-0.0653756 -0.819117 0.00748854
0.333211 0.76617 0.00727448
-0.838344 -0.316267 0.00673676
-0.210437 0.777738 0.00780071
-0.794638 0.0442977 0.00795998
0.655704 -0.549506 0.00701089
-0.889379 -0.0125448 0.0067114
-0.845959 0.223402 0.00681986
-0.50918 -0.711594 0.00682868
-0.781713 -0.333546 0.00717432
0.344246 -0.53406 0.0126064
0.410515 -0.608942 0.00927615
0.06221 -0.904867 0.00657524
-0.561809 -0.605287 0.00741618
-0.786825 -0.465604 0.00657206
-0.655601 -0.490606 0.00755998
0.371897 -0.726404 0.00757137
0.561468 -0.478034 0.00919228
0.727764 0.141917 0.00905496
-0.0362887 0.85361 0.00703849
-0.577749 -0.547428 0.00791446
-0.408981 0.40315 0.0157728
-0.560456 0.151246 0.015414
-0.275453 0.204168 0.0408936
-0.892738 0.318149 0.00631263
-0.754219 0.380849 0.00716601
-0.832072 0.417895 0.00638521
0.730463 -0.402247 0.00733744
0.813483 -0.491496 0.00628023
-0.0768782 -0.162237 0.0893003
0.345432 -0.122161 0.0367917
-0.496149 0.119291 0.0201104
-0.706569 0.170104 0.00952347
0.0446618 0.248583 0.0622262
-0.24361 0.728016 0.00856567
0.333066 0.594285 0.0108426
-0.150443 0.674679 0.0106056
0.8372 -0.329677 0.00662747
0.4336 -0.230539 0.0217015
-0.0621177 -0.0284874 0.139561
-0.700902 0.559191 0.00667419
-0.309346 0.81728 0.0068962
0.405494 -0.784374 0.00676129
-0.284911 0.765998 0.00763208
-0.697652 -0.016692 0.0103842
-0.745651 -0.437135 0.00700754
-0.6189 0.515239 0.00781652
0.332903 -0.76081 0.0073659
0.132577 -0.619688 0.0127142
0.236144 -0.775579 0.00767032
-0.362014 -0.78453 0.0069312
0.0727708 0.895986 0.00656158
0.0813115 0.628731 0.0126516
-0.0659068 0.736551 0.00915879
0.0732437 0.798926 0.00774832
0.0347701 -0.863154 0.00695887
0.157163 -0.893336 0.00658687
-0.355383 0.121326 0.0352921
-0.584145 -0.027215 0.0151211
0.188349 0.484819 0.0191873
0.925612 -0.162867 0.0063812
0.00358193 -0.682642 0.0107864
0.0821521 -0.277065 0.0525029
0.304538 0.0577422 0.0474963
0.610757 0.441545 0.00874972
0.570176 0.61006 0.0072737
-0.659242 0.28583 0.0097455
-0.649005 0.452258 0.00805007
0.606981 -0.687574 0.00645537
-0.370563 -0.486464 0.0137267
0.0270584 -0.444041 0.0260782
-0.643914 -0.377167 0.00900346
-0.547249 0.404105 0.0109767
-0.344686 0.563287 0.0116813
0.395223 0.570845 0.0103876
0.463054 0.686062 0.00737224
0.440271 0.623673 0.00854161
-0.557118 0.617657 0.00739151
-0.649013 0.566064 0.00702152
0.81781 0.400443 0.00641015
0.69671 0.559472 0.00659408
0.782872 -0.299769 0.00728924
0.528328 0.675459 0.00699658
0.767403 0.402688 0.006805
0.824095 -0.181227 0.00722208
0.760678 0.466139 0.00656952
-0.865704 0.165837 0.00674416
0.807575 0.0234353 0.00772165
0.820741 0.222126 0.00704694
0.0606465 -0.814664 0.00757495
0.206856 -0.736273 0.00855258
0.0160204 0.7861 0.00808494
-0.266097 -0.841743 0.00675242
-0.252147 -0.481867 0.0176546
-0.205519 -0.850591 0.00682118
0.864404 -0.130008 0.00685721
0.85236 -0.222948 0.00680245
-0.246809 -0.746626 0.00807111
-0.115233 -0.902704 0.00656325
-0.529149 -0.501394 0.00939162
0.606986 0.516463 0.007864
0.440825 0.478537 0.0119541
-0.591776 0.209885 0.0130109
-0.548823 0.305128 0.0130531
0.854207 0.0619394 0.00701608
-0.853593 -0.269243 0.00673011
-0.720277 -0.336647 0.00800112
-0.77872 -0.00967164 0.00832882
-0.628755 0.0937077 0.012634
0.432649 -0.658816 0.00806539
0.461124 -0.560942 0.0094787
-0.663633 0.218839 0.0103008
-0.828982 -0.0125387 0.00744348
-0.387602 0.619698 0.00942706
0.727757 -0.34526 0.00777512
0.276719 -0.686854 0.00910064
0.199591 -0.342092 0.0321782
0.116064 0.864151 0.00678261
0.209674 0.584106 0.0132663
-0.868494 -0.149217 0.00682216
-0.314865 0.361102 0.0228198
0.248722 -0.526972 0.0151924
-0.51959 -0.386731 0.0121171
-0.889305 -0.315655 0.00641689
0.231524 -0.824475 0.00703334
-0.282417 -0.789105 0.00723199
-0.131026 0.733076 0.0090705
-0.531567 -0.290815 0.0140108
-0.436768 0.67371 0.00784634
-0.446375 -0.548769 0.0100133
0.27525 0.412456 0.0212236
0.337203 0.395807 0.0193102
-0.326785 0.0219326 0.0439878
-0.535243 0.454742 0.0102292
0.59457 0.0420784 0.0145363
0.555426 -0.145809 0.0158364
0.708649 0.385955 0.00764399
0.743415 0.284012 0.00784946
0.0544882 -0.503997 0.0202875
0.413032 0.664112 0.00816033
0.0201695 -0.736672 0.00919551
0.520668 0.290443 0.0144576
-0.535479 -0.128256 0.0171668
0.703954 -0.529351 0.00674572
-0.29206 0.695839 0.0088538
-0.772846 0.103686 0.00825363
0.681043 -0.445268 0.00759915
-0.859849 0.0459759 0.00698349
0.372114 -0.492982 0.0134027
0.512634 -0.607261 0.00793011
-0.487472 -0.539308 0.0094538
-0.725632 -0.497043 0.0068098
0.529555 -0.376408 0.0120988
0.766156 0.234036 0.00776562
-0.594632 -0.491739 0.00841421
-0.327934 0.487433 0.0150342
-0.568458 0.239237 0.013572
-0.224363 0.382308 0.0264368
0.760718 -0.456359 0.00668841
0.0549434 -0.0811686 0.127256
0.707458 -0.0293165 0.0100602
-0.549415 0.079015 0.0169181
0.00446536 0.294275 0.0510619
0.178036 0.718163 0.00904599
-0.23868 0.687275 0.00954681
0.375101 -0.246526 0.0257527
-0.15345 -0.0504981 0.0974214
-0.255875 0.831749 0.00690484
-0.637555 -0.192423 0.0114652
0.133675 -0.668589 0.010849
-0.299082 -0.88494 0.00642252
0.0932137 0.478111 0.0219528
-0.00954558 0.743669 0.00901206
0.137253 0.809855 0.00743801
-0.426879 0.0253645 0.0282466
-0.695601 -0.129948 0.0100775
0.242584 0.369761 0.0264384
-0.0261108 -0.623115 0.0131279
0.190278 -0.149157 0.0658059
0.3203 0.241613 0.0314906
0.660853 0.520896 0.00716398
-0.322667 -0.373246 0.0214298
0.0676891 -0.402609 0.0304627
-0.584896 -0.385666 0.010253
-0.455526 0.458334 0.0122349
0.645024 0.555572 0.00704382
0.713887 -0.281518 0.00854555
0.567907 0.650989 0.00692607
0.794651 -0.125694 0.00779832
0.783514 0.0905778 0.00803711
0.0725861 -0.760548 0.00855866
0.0157218 0.837716 0.00724079
-0.198447 -0.756666 0.00816059
-0.275284 -0.389988 0.0228951
-0.228057 -0.797301 0.00736187
-0.527205 -0.55887 0.00845728
0.388067 0.503865 0.0125628
-0.487914 0.304263 0.0157459
-0.811181 -0.285075 0.00709967
-0.664162 -0.309492 0.0093333
-0.741495 0.0169461 0.00913841
-0.665202 0.151889 0.0108919
0.42366 -0.711263 0.00739612
0.528998 -0.544195 0.00867158
-0.158042 0.574883 0.0145902
0.506216 -0.425907 0.011603
0.300404 -0.547641 0.0130882
0.138436 -0.735128 0.00891737
0.414027 -0.408961 0.0152979
0.416324 -0.283295 0.0206486
-0.533291 0.356675 0.0124519
0.22552 0.808387 0.00721643
-0.185108 0.424014 0.0243956
0.190366 0.284592 0.0408241
-0.692304 -0.250927 0.00929048
-0.406555 0.566858 0.0104051
-0.0484895 0.188532 0.0828718
-0.0663553 0.447651 0.0253521
0.354829 -0.430542 0.0166959
0.268608 -0.323353 0.0289966
-0.246379 -0.206994 0.0449475
-0.473173 -0.136125 0.0215667
-0.118584 -0.792812 0.00780877
-0.194882 -0.589927 0.013258
0.181546 0.781998 0.00773032
-0.146844 0.79017 0.00783032
-0.388 -0.415605 0.0159893
-0.31207 -0.301317 0.0273351
-0.557808 0.680002 0.00680346
-0.240145 -0.660789 0.0101473
0.201881 0.1574 0.0616207
0.40809 0.357357 0.0176502
0.477204 0.372535 0.0139761
0.480441 0.554957 0.00927579
-0.795714 0.365928 0.00679917
-0.435701 -0.0963976 0.0260433
-0.377623 -0.278124 0.0237126
-0.439027 -0.313762 0.0178751
-0.503089 -0.444805 0.0112193
-0.558858 0.514934 0.00870254
0.0643318 0.682768 0.0106806
0.344313 0.711008 0.0079863
-0.351035 -0.734437 0.00760133
0.440199 0.532556 0.0105195
0.537821 -0.277069 0.014093
0.659988 -0.253762 0.0101327
0.662112 -0.207076 0.0105826
0.590712 0.209347 0.0129645
-0.0452441 -0.677025 0.0109316
0.0849976 -0.635295 0.0123742
-0.37021 -0.639957 0.00912536
-0.137601 -0.672555 0.0106243
0.688289 0.318962 0.00859664
0.486204 0.460402 0.0112288
-0.723465 0.281205 0.00830753
-0.631876 0.321603 0.010033
-0.812815 -0.129227 0.00756049
-0.807679 -0.232064 0.0073226
0.678338 -0.502357 0.00716823
-0.709625 0.112797 0.00971168
-0.897928 0.229518 0.0064053
-0.0784947 -0.758279 0.00858481
0.374529 0.671831 0.00841837
-0.830668 0.101003 0.00728922
-0.785372 -0.0652481 0.00813103
0.609797 -0.595381 0.00705844
0.709399 -0.574154 0.00647745
0.151987 -0.548164 0.0160413
0.392716 -0.548192 0.0110998
0.372453 -0.664214 0.00857716
-0.625053 -0.533408 0.00751722
-0.688215 -0.427408 0.0077074
0.591466 -0.540982 0.00780276
0.501838 0.101968 0.0199448
-0.364584 0.28729 0.0242765
-0.536295 0.0168318 0.0181599
-0.454865 0.154115 0.0227417
-0.190563 0.126372 0.0702556
-0.739723 0.345749 0.00757884
0.63003 -0.390824 0.00911599
-0.222971 -0.035014 0.0710433
-0.178262 -0.411631 0.02577
0.144344 -0.0711583 0.0976143
0.306553 -0.267573 0.0307762
-0.371339 -0.0109813 0.0360058
-0.0918631 0.102618 0.108861
0.235731 0.193775 0.0486246
-0.219522 0.5845 0.0131931
0.336577 0.535737 0.012705
-0.0305176 0.684418 0.0107198
-0.193328 0.715571 0.00916081
0.505877 -0.332818 0.0140498
0.650629 -0.0780331 0.0119097
0.0270491 -0.186244 0.0855431
0.0335005 0.14649 0.102516
0.43627 -0.844826 0.00636089
-0.639248 0.00957925 0.0125392
0.321548 -0.703568 0.00833636
0.254354 -0.650813 0.0102959
0.0944434 -0.5708 0.0154228
-0.324803 -0.776327 0.00719543
-0.405503 -0.761546 0.00693994
0.236679 0.689625 0.00932315
0.0223335 0.654882 0.0117989
-0.117502 0.642615 0.0119645
0.0362194 0.884042 0.00669153
-0.292235 0.141548 0.0443859
-0.391214 0.23449 0.0250518
-0.484245 -0.0084831 0.0223289
0.287855 0.515773 0.0147633
0.0607468 0.563158 0.016103
-0.0344522 -0.722127 0.00955707
-0.196572 -0.315919 0.0357912
0.198832 -0.401039 0.0258435
0.203715 0.0106614 0.0794877
0.44977 -0.169541 0.0226814
0.560206 0.414014 0.0102916
0.614211 0.331167 0.0102461
-0.280329 -0.585 0.0120704
-0.0390198 -0.252244 0.0615949
-0.052403 -0.558698 0.0164551
-0.588592 0.423322 0.0095843
-0.396217 0.510598 0.0122717
-0.278371 0.539125 0.0140766
0.39205 0.437313 0.0149437
0.404706 0.706788 0.00758264
0.530434 0.622021 0.0075448
0.809245 0.351933 0.00664483
0.489861 0.64049 0.00773625
0.674218 0.436227 0.00772391
0.801275 0.44029 0.00638917
0.180974 -0.692333 0.00979207
-0.356249 -0.541385 0.0120846
-0.102305 -0.517253 0.0187431
-0.133055 -0.850373 0.00696801
0.651226 0.481127 0.00763954
-0.542404 0.21327 0.01533
-0.866592 -0.211903 0.00673924
0.462201 -0.624044 0.00829448
0.153791 -0.300922 0.0418229
0.253061 0.472622 0.0180894
-0.291293 0.44326 0.0186493
0.18692 -0.507304 0.0178064
-0.607594 -0.336824 0.0104602
-0.297494 -0.741271 0.00785316
-0.482206 -0.22471 0.0184447
-0.304353 0.0721959 0.0468559
0.666914 0.0477765 0.0113403
0.63577 -0.170527 0.0118357
0.026658 -0.780493 0.00821023
0.444442 0.211893 0.0215404
-0.531077 -0.240252 0.0152147
0.403716 -0.45568 0.0138675
0.602247 -0.272826 0.0116603
-0.620996 -0.43494 0.00870801
-0.540365 0.261453 0.014369
-0.137492 0.476567 0.0212319
0.148591 -0.24345 0.0533749
0.588003 -0.0619005 0.0148691
0.0956908 0.372363 0.0337855
0.232405 0.757492 0.00792123
0.270809 -0.213315 0.0405961
-0.300673 -0.0342008 0.0489099
-0.742725 -0.226591 0.00837492
0.0413178 0.501307 0.0205679
-0.744848 -0.0293063 0.00907138
0.195768 0.34755 0.0317453
0.0143583 -0.559283 0.0165621
0.227811 -0.196425 0.0496636
0.36258 0.292369 0.0239231
0.113549 -0.410608 0.0283226
-0.385883 0.455096 0.0145648
0.755218 -0.185004 0.00831898
0.0626104 0.856308 0.00696928
-0.448669 0.204962 0.021569
-0.20324 0.654173 0.0108197
0.48936 -0.49301 0.0104335
0.200361 -0.566873 0.0142147
-0.169822 0.371442 0.0306168
0.140801 0.175072 0.0714629
-0.00358494 0.249142 0.0634181
-0.119538 0.542643 0.0168916
-0.359177 -0.159391 0.0327313
-0.584034 -0.190134 0.0136017
-0.142269 -0.741135 0.00873926
-0.336077 -0.591267 0.0109055
-0.335047 -0.250711 0.0292724
-0.500379 -0.326807 0.0143948
0.115872 0.691535 0.0101487
0.564342 -0.223005 0.014055
0.751366 -0.244753 0.00809009
0.659213 -0.132225 0.0112982
0.612396 0.0989318 0.0133317
0.648722 0.382887 0.00874242
-0.754414 -0.124584 0.00862359
0.630352 -0.49321 0.00784195
-0.690057 -0.366635 0.00824873
0.372742 0.0233469 0.0355083
-0.315718 0.309984 0.0264709
-0.52998 -0.034147 0.0185547
-0.340351 0.186424 0.0334444
-0.0979936 0.209858 0.0691675
0.569833 -0.408984 0.0102716
-0.185054 -0.16005 0.0646534
-0.188367 -0.52793 0.0165273
0.228948 -0.0911869 0.0643987
0.313687 -0.318254 0.0260203
-0.499617 0.179523 0.0186378
-0.0346968 0.0676903 0.137353
0.251534 0.152599 0.0511554
-0.160069 0.621478 0.0124532
0.291346 0.560489 0.0127732
0.472608 -0.281763 0.0172514
-0.00102073 -0.0841005 0.134076
-0.0226377 0.62897 0.0128909
-0.447409 0.254648 0.0198233
-0.0248368 0.505858 0.0203484
-0.0450606 -0.372796 0.0352182
0.252189 -0.385456 0.0244882
0.229558 0.0879498 0.0641453
0.500694 -0.216424 0.0175674
-0.405262 -0.52888 0.0113982
-0.299781 -0.646742 0.00984387
-0.155301 -0.352847 0.0336988
-0.284516 0.592423 0.0118526
-0.30909 -0.55285 0.012733
-0.0252212 -0.496334 0.0210867
0.101777 -0.375084 0.0332434
0.317804 -0.366927 0.0221592
0.292586 0.680125 0.0090595
0.116678 0.580221 0.0146812
-0.437316 0.351221 0.0166407
-0.202205 0.326529 0.0340483
0.193608 -0.633743 0.0115338
-0.426697 -0.368472 0.0163406
-0.468617 -0.360936 0.0147372
0.205768 0.414901 0.0242011
0.302269 0.299512 0.0283415
-0.427458 0.0991338 0.0268935
-0.261473 -0.0921881 0.0554807
0.670249 0.18942 0.0103227
0.460606 -0.0969845 0.0235713
0.512511 -0.0122962 0.0199554
0.723033 0.436521 0.0070892
0.594763 0.38389 0.00994465
0.707221 0.24778 0.00883472
0.57293 0.28064 0.012486
-0.645121 -0.0716717 0.012099
0.684891 -0.380947 0.00818671
0.30729 -0.487334 0.0155931
0.45896 -0.401148 0.0138326
0.614422 -0.443476 0.00872808
-0.339307 0.412674 0.0183482
-0.264744 0.341107 0.0277257
0.0653637 -0.000562972 0.140794
-0.0162263 -0.145021 0.104603
0.742323 0.0340927 0.00905913
-0.0883641 0.263227 0.0550811
0.0719177 0.307349 0.046155
-0.0599139 -0.105235 0.116583
-0.106402 -0.00234585 0.123857
-0.593811 -0.0718101 0.0144511
0.132352 0.435486 0.025027
0.16529 0.54916 0.0156681
-0.430099 -0.0426618 0.0276206
-0.368757 0.0545512 0.0358079
-0.730798 -0.170257 0.00895986
-0.592173 -0.114612 0.0141697
-0.0843337 -0.654749 0.0115795
0.305346 -0.00959352 0.0485448
0.0893023 -0.171957 0.0832109
0.403882 0.120721 0.0288858
-0.308521 -0.439775 0.0180786
-0.00906866 -0.311875 0.0470551
-0.555043 -0.333192 0.0121573
-0.501941 0.405879 0.0123159
0.717735 0.0870535 0.0095821
-0.239038 -0.425518 0.021893
-0.641842 -0.235091 0.010813
-0.241327 0.434447 0.0212532
-0.0718362 0.634501 0.0125055
0.488178 -0.377007 0.0135006
0.341151 -0.592141 0.0107649
0.450338 -0.447765 0.012665
-0.483782 0.36262 0.0141824
-0.0377997 0.341462 0.0408092
-0.205138 0.478839 0.0193246
0.252978 0.249293 0.0385832
0.138923 0.323828 0.0390042
-0.729492 -0.288407 0.00821359
-0.187049 0.173731 0.0615546
0.0256973 0.0894684 0.130111
-0.123925 0.404138 0.028664
-0.015556 0.402626 0.0313088
-0.262179 -0.266833 0.0354405
-0.197865 -0.0995902 0.0727994
-0.41689 -0.1429 0.0266017
-0.189227 -0.63969 0.0113339
-0.246119 -0.311747 0.0320732
-0.233385 -0.570524 0.0134901
-0.26667 -0.700067 0.00887738
0.284514 0.192363 0.0407902
0.0732724 0.189294 0.0795655
0.476123 0.318176 0.0157406
0.509531 0.415144 0.0116739
0.448429 0.575267 0.00939727
0.488683 0.509614 0.0100285
-0.406306 -0.190721 0.025749
-0.316406 -0.20447 0.0350344
-0.48582 -0.272517 0.0167437
0.0741211 0.731673 0.0091842
-0.347134 -0.684129 0.00847376
0.576328 -0.340237 0.0113132
0.482574 0.257747 0.0173598
0.0345202 -0.648831 0.0120379
-0.720067 -0.0727123 0.0096122
0.234685 -0.453703 0.0199925
0.56054 0.0839911 0.0161871
0.533128 0.240273 0.0150716
-0.486914 0.0551095 0.0218027
-0.171874 0.00796927 0.0927734
-0.287576 0.022416 0.0527854
0.106306 0.00835335 0.123123
0.102178 -0.109035 0.103212
0.333472 -0.192492 0.0338153
-0.0813658 0.159104 0.0894782
-0.193925 0.0652911 0.0789556
0.190666 0.218597 0.0520844
-0.25992 0.64121 0.010592
-0.229041 0.523624 0.015961
0.0165391 0.599344 0.0143203
0.628958 -0.0139982 0.0129745
0.585951 -0.17698 0.0138359
-0.0936532 -0.226461 0.0645993
0.105583 -0.220236 0.0648593
0.162146 0.118123 0.0806269
-0.693516 0.0469419 0.0104487
0.122354 -0.504502 0.0193753
0.262779 0.616822 0.0111826
-0.0946214 0.684672 0.0105786
-0.244736 0.102518 0.0586138
-0.403228 0.16682 0.0272591
-0.323339 0.249213 0.0306926
0.136718 0.495513 0.0197018
-0.021698 -0.772503 0.00836665
-0.166751 -0.221003 0.0556558
-0.223401 -0.365276 0.0280658
0.15529 -0.339223 0.0356723
0.181383 -0.0953252 0.0787505
0.566531 -0.00972725 0.016237
0.368928 -0.160251 0.0314467
-0.239512 -0.61583 0.0116009
0.0161785 -0.241838 0.06524
-0.0823819 -0.461956 0.0236202
-0.577794 0.379424 0.0105991
-0.200578 -0.462474 0.0205596
0.382269 0.23 0.0259987
0.471019 -0.033695 0.0235106
0.26933 -0.148429 0.0479189
-0.256629 0.00365106 0.0614251
0.00849747 0.547961 0.017312
0.121085 0.249197 0.0552792
-0.294158 -0.245763 0.0340415
0.246611 -0.0321864 0.0636366
-0.215023 0.215113 0.0487895
-0.0443999 0.237918 0.0656741
-0.262013 -0.538302 0.0143853
-0.017529 -0.0288943 0.150752
0.0350324 -0.0366266 0.146506
-0.416822 0.295912 0.0200943
-0.142574 -0.464115 0.022042
-0.587088 0.335449 0.01111
0.149116 -0.378787 0.0306768
0.102326 0.527974 0.0179806
-0.371053 0.346299 0.0203488
-0.237264 -0.140523 0.0558823
0.620331 0.151801 0.0124946
0.397295 -0.0887557 0.0307843
0.457587 0.0317008 0.0246416
0.0933852 -0.0433527 0.125465
-0.0307577 -0.201991 0.0790868
-0.0232062 0.267123 0.0578229
-0.149494 0.100469 0.0891363
0.0635765 -0.219438 0.0699417
0.452797 0.150065 0.022971
0.0105237 -0.384173 0.0337502
-0.0720304 0.383321 0.033139
0.0751805 0.0486487 0.131233
0.0531035 0.429219 0.0275011
-0.371171 -0.221009 0.0275784
0.532167 0.0396285 0.0183373
-0.234045 0.160528 0.0537169
0.0618029 -0.347753 0.0388201
0.147241 -0.0145982 0.103783
0.135038 -0.146727 0.0808938
-0.210031 -0.267712 0.0413644
0.117232 -0.336188 0.0384176
-0.278865 0.396014 0.0223422
0.156362 -0.443446 0.0235321
0.689458 -0.171679 0.0100309
0.34197 0.184392 0.0332344
0.536461 0.193 0.0159385
-0.509769 -0.184395 0.0177177
-0.0797457 0.509003 0.0196986
0.150101 -0.114019 0.085228
0.601729 -0.123124 0.0137027
-0.333702 -0.121691 0.0387422
-0.682773 -0.193419 0.0100151
-0.00225782 0.457461 0.0248565
0.18589 -0.208347 0.0548929
0.340395 0.340023 0.0225196
0.705132 -0.224001 0.00922856
0.154083 -0.587862 0.0139289
0.263324 -0.594908 0.0119844
0.0933378 0.117684 0.102872
-0.050553 0.287282 0.0516496
0.00351585 0.199788 0.0808857
-0.295123 -0.146498 0.0434313
0.560889 0.143356 0.0154122
0.402559 -0.13822 0.0284112
0.407619 0.0715479 0.0299296
-0.178926 0.267174 0.0450325
0.354929 -0.0516299 0.0381467
0.191648 -0.0486206 0.0816821
0.363434 -0.31507 0.0225158
-0.0271754 0.135717 0.10859
-0.0826824 0.0474318 0.128528
0.362019 0.139742 0.0333636
0.237253 0.540511 0.0147066
-0.0927221 -0.0608801 0.121332
0.0425211 -0.129477 0.109252
-0.0875983 -0.335202 0.0401976
0.543451 -0.183531 0.0158766
-0.07404 -0.281408 0.0520203
-0.036738 -0.427433 0.0279271
0.331234 0.650471 0.00933467
0.170663 0.632529 0.0117356
-0.45755 0.396419 0.0141389
-0.253376 0.273595 0.035717
0.245561 0.317669 0.0314225
0.732711 0.196905 0.00863088
0.508164 -0.151615 0.0186824
0.537047 -0.0983575 0.0175224
0.541518 -0.0479936 0.0177469
-0.639528 -0.148673 0.0118075
-0.0478377 0.0126469 0.146776
-0.0472091 -0.0612042 0.136024
-0.554762 -0.075148 0.0166207
0.291746 -0.0758911 0.0495306
0.142501 -0.189479 0.0673156
-0.309032 -0.506635 0.0146654
0.669235 0.11955 0.0109238
-0.113012 0.597856 0.013938
0.0290713 0.358109 0.037833
-0.177948 0.530211 0.0166623
-0.1271 0.25484 0.0532616
-0.127959 -0.116216 0.0923608
-0.453445 -0.186745 0.0217309
0.304686 0.129087 0.0429283
0.473887 0.184076 0.0202402
-0.132667 0.0534015 0.106225
-0.219454 0.0180292 0.0733658
0.393974 -0.189688 0.0270845
-0.136278 0.154892 0.0782323
-0.129927 -0.177411 0.0732503
0.504774 -0.0582249 0.020372
-0.104117 -0.403816 0.0293735
0.257702 0.0233434 0.0606707
0.444691 0.0948559 0.0251966
0.503772 0.163321 0.0186155
0.398059 0.172271 0.0274168
-0.156864 0.212538 0.0587789
-0.14047 -0.285803 0.0455626
0.419191 -0.0362825 0.0290559
0.0140975 0.0217955 0.153292
0.495812 0.207921 0.0180403
-0.312179 -0.0963285 0.0440945
0.359086 0.0899899 0.0361194
